7.403123672615967432e-02 6.879724118587164650e-02 5.471567255659247342e-02 -3.053882672455558445e-01 -8.190977788935085990e-03 -2.919858120953580313e-02 7.543797407252129938e-02 7.272418418026657672e-02 -2.025463992937547378e-02 1.732656898693268888e-02
5.289876199803601464e-01 -2.544919550770335381e-01 -2.085391475828485830e-01 7.186151424662995391e-01 -6.710305763128877610e-01 -3.454459832287710974e-02 -2.353117485742378667e-01 -2.997334362452450107e-01 5.894533971618503010e-01 -1.334071460745153981e-01
-5.733311090353399031e-01 1.488540381129158374e-01 5.787040062850554861e-02 -3.761580111074814825e-01 6.153110214168121539e-01 1.136086793920164199e-02 5.147494564677796564e-02 2.064406711819992968e-01 -2.593552988091635814e-01 1.175343502859887007e-01
-4.088935134049771492e-01 4.807785496259143199e-01 1.570120784819342974e-01 1.649735548884717629e-01 5.772999129327032602e-02 2.873837349262997609e-01 -7.310465586672741656e-02 -2.021324522834476722e-01 -4.212100066071957083e-01 -4.253727288772724685e-02
4.001112971797605167e-01 -4.756529871814462185e-01 -1.815517339180326706e-01 -4.510560664659100938e-02 1.257583877690234553e-01 1.019728728123389661e-02 1.298384122235891613e-01 -7.971444299014543433e-02 1.562566862793438871e-01 -4.013805713075406512e-02
1.628306730322178764e-01 -1.924887171872548611e-02 1.494769511123944516e-01 -2.073365107315117695e-01 2.764290569135089415e-01 -5.823237776979359737e-01 1.029072274214791055e-01 5.429279683486709640e-01 -2.109407170453948266e-01 -2.147213402617111078e-01
-2.889040483511669533e-01 3.766874909700164697e-01 1.738593125744868628e-01 -3.823922079237632166e-01 -3.862180040584791696e-01 7.555152747627388310e-01 -2.048270872379153590e-02 -3.076050066751379597e-01 1.428305856277896357e-01 -6.329100250722538568e-02
-2.328308601146124868e-01 5.897905116782044266e-02 -7.808111255236218629e-01 7.808692966894570375e-01 -5.057824282339315469e-02 -5.516359718320114069e-01 2.007659318378835767e-01 4.010787511577365572e-02 -3.461731412510793415e-02 5.697524037623225013e-01
2.835203792786424315e-01 -3.074223550370281943e-01 5.057748819291725262e-01 -2.446625391630583568e-01 2.280592647245654470e-01 9.496328690725620858e-02 -5.981876052818994038e-01 -1.958422145278478910e-01 4.815484490920125538e-01 -2.477531750994216575e-01
-2.423713299315840286e-01 9.478685009738617440e-02 1.239764564705087523e-02 1.172586332239382717e-01 -5.088763318050533169e-01 3.740017081171403412e-01 4.258400572024844677e-01 2.870926571901212254e-01 -5.083737611323926320e-01 -5.175505216777677442e-02
3.676180109418906716e-01 -2.718128671507264449e-01 2.038119043562570676e-01 -3.047279501551591885e-01 6.672964819521358670e-01 -5.496974742505537220e-02 -4.438739642523061302e-01 -3.052658851624262537e-01 -1.421330826915161993e-01 2.840560786708360430e-01
-1.373143980455302816e-02 1.638809245886264643e-01 -1.247740551904289591e-01 2.304107430303030946e-01 -3.210024882705442284e-01 -2.452244683974746098e-01 3.487239089189173025e-01 1.770171786678789438e-01 9.919221990294954661e-02 -3.144921023774325253e-01
8.831879751620791419e-02 -1.201424304210490374e-01 1.516907768611324425e-01 -2.480088178920554220e-01 4.172877597258099480e-01 3.210059290460260950e-01 -5.851034563068557848e-02 -4.223866092399378158e-01 -1.090259813186093968e-01 -2.022792786036026191e-02
-2.709200710314257354e-01 -2.366999044074734326e-01 4.544811154058159275e-01 1.412411692785239536e-01 -2.731096511745688127e-01 -2.526595177706447704e-01 -2.641972660312864596e-01 6.926009165050787952e-02 1.477852904296007019e-01 4.848179826580448215e-01
4.680806734175316230e-01 2.417236935160431144e-01 -6.454581440076875287e-01 3.991517596577811022e-01 -3.075582078889638193e-01 -1.300266474062792832e-01 4.853329984734888192e-01 2.916927660293823776e-01 -6.336374026010294092e-01 -1.693011726340238332e-01
-9.809354452723485773e-02 -1.572762917434384344e-01 6.841288442511205270e-01 -3.293682428218169811e-01 2.700380962497587189e-01 1.125498530513274614e-01 5.294971994487281119e-02 -2.354750970774405205e-01 2.793006787526378099e-01 -5.787543366097228636e-01
-9.105866357061954686e-01 1.946356199578895552e-01 -5.360932940614167030e-01 2.989537913082641607e-01 -6.759076541282056372e-01 2.915705244698292287e-01 -3.582021118397155091e-01 7.108500585632113733e-01 1.154157034783450664e-01 8.693651710308970548e-01
8.886431897693467530e-01 -5.072890459351429016e-01 3.907314185542836160e-01 -2.962639463365603076e-02 1.187156178484298330e+00 -2.219704990443522596e-01 6.751342592275381971e-02 -5.921216050073789816e-01 -6.057537283927243443e-01 -5.772840317954693878e-01
-5.972256298186564422e-02 3.685672497530056990e-01 -3.542495147317146764e-01 -1.989346531308115174e-01 -1.088826581104028746e+00 2.287771129016492183e-02 -4.433826278543697152e-01 1.486640134801786584e-01 1.139432322950717724e+00 4.655736613969002069e-01
8.946679905677971112e-01 6.375407189918816386e-02 7.876422571538531370e-02 1.715749524403666895e-03 3.424735483431730620e-01 -5.665218154448846688e-01 -6.402251311913957632e-02 -1.919833724673940534e-01 -1.343872096981765518e-01 -4.244613946600661603e-01
-5.975873309674798461e-01 -4.536434617323096830e-01 -1.177045768928224184e-01 1.420023986091054347e-01 5.695970149012042905e-01 4.883199414079635314e-01 5.745811869417251083e-01 3.775556436340512384e-02 -7.985815885505583855e-01 1.552617940957972953e-01
-6.199572716950141338e-01 5.123213539398014937e-01 5.006172617840493055e-01 -6.598863371448727699e-01 -3.513358969516076069e-01 -2.624548717045809276e-01 -1.323113489975062673e-02 3.594392936081939327e-01 4.458150309453065563e-01 8.867362469626895172e-02
7.416480968167639409e-02 2.475899776496686133e-01 -1.045626490340022308e+00 8.657015636469825859e-01 2.918917428831316330e-01 1.489151996495869934e-01 -3.453070508190690391e-01 -5.579140616123174912e-01 -1.881479758654098500e-01 5.087319768468734349e-01
4.307444240691683107e-02 -1.436537191044176542e-01 8.709831464849906446e-01 -7.986399227362050990e-01 -1.152518534331200689e-01 -2.133959523344468867e-01 3.517929614585951770e-01 3.991734206000582819e-01 4.404077672273527533e-01 -8.344910410242920573e-01
2.821031033285737455e-01 5.553657816893740884e-02 -6.694187976003441731e-01 6.100735900643109444e-01 3.220241030469105925e-01 -3.108162654407063408e-01 -4.794990880924085430e-01 1.549131327023042237e-01 -1.678693687952928781e-01 2.029535164278097048e-01
-6.409407509082292176e-01 -3.743838633674366201e-01 5.413288783508873880e-01 -3.847083169384645784e-01 -1.354800950281076222e-01 5.262472109538175458e-01 4.765932389348777054e-01 5.473192484302964039e-02 -2.815788296583869310e-01 2.181919478169763449e-01
6.440775405154350874e-01 5.533813224290506927e-02 1.503318829663848055e-01 -1.025004611157387530e-01 -2.206241363173497838e-01 -3.224212514284656439e-02 -1.698782333828506852e-01 -1.118323684263524131e-01 -1.171412957881845171e-02 -2.009575002455797066e-01
-1.938920764508502981e-01 2.423793402020583687e-01 -2.193378015080682253e-01 5.399685446748489492e-02 -5.682326928309208713e-02 -1.645872921444880010e-01 4.915669029071251944e-02 -1.027654540277583434e-01 1.251922477471468509e-01 2.666814237278321009e-01
-2.547018753593417451e-01 -2.377153025756010007e-01 5.415312602307339671e-03 8.352592842783224114e-03 3.179089895774669383e-01 2.709319520642734513e-01 9.209948439353138339e-02 8.404012569568362900e-02 -1.301205680273012366e-01 -1.562112501475053927e-01
-5.395430106680398907e-01 2.772032718336122081e-01 -4.516670126629609427e-01 5.459031678644937768e-02 -1.584129294607711236e-01 -2.333370667674295740e-01 -9.424605941390347408e-02 1.022612905120957524e-02 1.005855930527336906e+00 1.293284007550592751e-01
1.103518743989575501e+00 -8.385313238038274997e-02 -6.900080651331745585e-02 3.486663505811455344e-01 -2.133233088709927949e-01 -1.497704103801542758e-02 -9.322414019109351302e-02 2.133008928071188637e-01 -7.664238241245643346e-01 -4.246817246760668518e-01
-6.147289444412392667e-01 2.217616688513670831e-01 3.382890134544909722e-01 -4.578175474706011605e-01 3.309160689452233517e-01 -6.226158770133945891e-02 7.272955458216055769e-02 -4.925304863762975938e-01 7.698434010285062912e-02 5.866573223389727199e-01
1.832279734902114987e-01 -7.197848359131244766e-01 8.429707848493950273e-01 -1.722821206248628945e-01 -3.299548584783958960e-01 8.451660408309923378e-01 1.756009660365142888e-01 -1.013365658506028277e-01 -3.793527833659254833e-01 -3.442541238033000051e-01
-7.594636237208245433e-01 3.668428679431175454e-01 -7.281310078131558727e-01 8.347139292440894920e-01 3.670692826435890121e-01 -3.334599535733827058e-01 -4.318147051516644241e-01 4.686763742919531905e-01 2.691401893264440681e-01 -5.357387404455857954e-02
1.621392061176196275e+00 -3.905200745239760796e-01 -3.305807376124600960e-01 -7.507452004137478152e-01 -3.034018910113097656e-01 4.807261233009181289e-01 4.504123370891898737e-01 -6.522351742576102396e-01 1.647581251361208143e-01 -2.898056302272140616e-01
-1.330056503774110999e+00 4.005824547066743069e-01 7.261595758785496235e-01 6.503214435788099435e-01 -3.531386666259904716e-01 -3.007512811969913491e-01 -6.099389684085979590e-01 2.145358537532384702e-01 1.000140721003402039e-01 5.022718283455621657e-01
-2.839124201668326020e-01 5.475628103692273818e-01 -8.390812470284010338e-01 3.110074547223948827e-01 8.261962148998237554e-01 -1.712537451271049227e-01 3.567993403497221050e-01 -2.739028659632111729e-01 -4.734748212646742727e-01 6.163628418243897837e-05
7.859202699211990106e-01 -8.882981320943259540e-01 1.156989911042673125e+00 -1.023785618797357744e+00 2.044095517975546838e-01 -1.053262184396329459e+00 1.344829487823731018e-01 1.676981387903404785e+00 -1.994822726825658532e-01 -7.939580264098390350e-01
-4.688044872019466736e-01 3.589543670070235448e-01 -8.526151529058891843e-01 6.157061287295901852e-01 -6.758248674588451799e-01 6.742148810672689008e-01 -1.202969594192052849e+00 -3.636923368093901709e-01 6.823159220719174911e-01 1.232714340288910471e+00
1.486982031750310462e-01 -9.426467878810591561e-01 1.232886024142791914e+00 -5.684335342407831337e-01 -9.948069149525946564e-01 -3.333817345771850071e-01 1.329269306536231321e+00 1.584699245201796058e-01 2.932095493437416600e-01 -3.232615906229120983e-01
-8.099823346045487149e-01 9.125312503282917431e-01 -1.381805745245146433e+00 6.375543065557117695e-01 4.803028059723853938e-01 1.020999408113571594e+00 1.307037862620055897e-02 -5.179388268535299877e-01 -1.727677123070359699e-01 -1.819653880536803436e-01
5.485233829541135142e-01 -6.523283738778581364e-01 6.816149308968422194e-01 -1.111297541669178601e+00 1.939093496607474432e+00 -9.880836097561999931e-02 4.225646062507902312e-01 4.279286183039182068e-01 -1.316724027998920077e+00 -8.405631458136654244e-01
-6.408718190279846239e-01 7.946846055736617176e-01 -1.890290141074819075e-01 9.201296690347035012e-01 -1.437767030155020498e+00 2.030359843731866995e-02 -4.755843972757938798e-01 -7.688416676494899127e-01 7.260136708431633723e-01 1.050959618910500604e+00
9.556526297306301432e-01 -3.629169632515201749e-01 -1.950018733489472522e-01 -2.179361693678731615e-01 1.961496679517652775e-01 -9.589159640242463922e-01 5.592176103573947427e-02 6.164685689886316711e-01 6.437178951283416273e-02 -1.537931652539265559e-01
-1.434601832959699064e-01 -3.233374568399211002e-01 4.192832203967418181e-01 4.316514198202979213e-01 4.807470039180952032e-02 2.767064825847385112e-01 -2.173775917722568229e-01 -4.159962339719989743e-01 2.529397275889271324e-01 -3.284850221995353481e-01
1.175140167503006990e-02 3.548614481652133390e-02 -3.099585787088172673e-01 -3.288673917487582865e-01 -2.259371558554007856e-02 2.207348052208811529e-01 4.346675425672438114e-02 2.004449346216836680e-01 -6.524694704744012086e-02 2.147833071001320482e-01
-2.807685511310097359e-01 1.994076831449803078e-01 1.359293465318143490e-01 2.739870966866567170e-01 8.311539657948446846e-01 -4.803762866692311007e-01 -2.599240377012022596e-01 8.545769870088829046e-02 6.886258139328817196e-02 -5.737305359631011958e-01
8.083469594613307274e-02 5.002435065759570643e-01 -5.166487486670366946e-01 -6.255187155734929227e-01 -4.365825345007833813e-01 2.407091498917141303e-01 4.230418717845280674e-01 -1.864347666590097929e-02 1.294502615899105306e-02 3.396205306176867111e-01
2.203402996347348947e-03 -2.930693886619595845e-01 1.115286059725306700e+00 -6.275170655886823656e-01 -3.100707687205483398e-01 3.971499033690062408e-01 -1.939008640021850360e-01 -4.689251718165377558e-01 -1.091299532057101868e-01 4.879730010905343196e-01
-6.146596104134459566e-03 -1.405207873673884611e-01 -4.726516660286585458e-01 7.823717468285820154e-01 -1.128311032104790945e-01 -1.325076070938441264e-01 4.990399213738200279e-02 3.994019845638392963e-01 -2.078790365372466115e-02 -3.462317823061135669e-01
1.068599854097632973e-01 9.494718524997018683e-02 9.119071999107897231e-02 9.649087837343658935e-02 9.637990279216208933e-02 1.005805510622563709e-01 1.098550672202135425e-01 1.048421257917003385e-01 9.733096856735952429e-02 1.015162653537503012e-01
